8
-0.127765,1.85023,9.68464,0.995072,-0.0957702,-0.025671,-0.00127561
0,0,0,1,0,0,0
-2,1,0,1,0,0,0
0,0,0,0.995239,0.0935013,0.0117457,-0.0248935
-3,0,0,1,0,0,0
2,1,0,1,0,0,0
end
-0.127765,1.85023,9.68464,0.995072,-0.0957702,-0.025671,-0.00127561
0,0,0,1,0,0,0
-1.43726,0.957063,0.0375366,0.997,0.0106198,0.076458,-0.005759
0,0,0,0.995239,0.0935013,0.0117457,-0.0248935
-3,0,0,1,0,0,0
2,1,0,1,0,0,0
end
-0.127765,1.85023,9.68464,0.995072,-0.0957702,-0.025671,-0.00127561
0,0,0,1,0,0,0
-0.197492,1.09285,0.0754284,0.996957,0.0318507,-0.0703645,0.0105134
0,0,0,0.995239,0.0935013,0.0117457,-0.0248935
-3,0,0,1,0,0,0
2,1,0,1,0,0,0
end
-0.127765,1.85023,9.68464,0.995869,-0.0870831,-0.0256811,-0.00105154
0,0,0,1,0,0,0
1.44668,1.09676,0.159941,0.978833,0.0100554,-0.203787,0.0159981
0,0,0,0.995239,0.0935013,0.0117457,-0.0248935
-3,0,0,1,0,0,0
2,1,0,1,0,0,0
end
-0.127765,1.85023,9.68464,0.974298,-0.117262,-0.192329,-0.00140652
0,0,0,1,0,0,0
1.44668,1.09676,0.159941,0.978833,0.0100554,-0.203787,0.0159981
0,0,0,0.995239,0.0935013,0.0117457,-0.0248935
-3,0,0,1,0,0,0
2,1,0,1,0,0,0
end
-0.127765,1.85023,9.68464,0.974298,-0.117262,-0.192329,-0.00140652
0,0,0,1,0,0,0
3.18477,0.848034,0.947661,0.954424,-0.00274014,-0.298294,0.00935148
0,0,0,0.995239,0.0935013,0.0117457,-0.0248935
-3,0,0,1,0,0,0
2,1,0,1,0,0,0
end
-0.127765,1.85023,9.68464,0.974298,-0.117262,-0.192329,-0.00140652
0,0,0,1,0,0,0
5.2325,0.963601,1.77156,0.920371,0.00550868,-0.390769,0.0136432
0,0,0,0.995239,0.0935013,0.0117457,-0.0248935
-3,0,0,1,0,0,0
2,1,0,1,0,0,0
end
-0.127765,1.85023,9.68464,0.974298,-0.117262,-0.192329,-0.00140652
0,0,0,1,0,0,0
7.3213,0.643385,2.72366,0.873905,-0.0170962,-0.485537,0.0158698
0,0,0,0.995239,0.0935013,0.0117457,-0.0248935
-3,0,0,1,0,0,0
2,1,0,1,0,0,0
end
